100
29
23 23
24 20 35
25 9 45 22
47 19 26 2 20
31 14 21 26 41 21
3 15 x 48 47 1 49
9 26 21 16 13 17 45 38
35 10 1 15 42 50 45 35 43
40 x 20 x 7 34 29 19 41 5
33 1 18 37 2 30 46 10 16 x 32
8 36 27 5 33 22 27 22 4 1 39 50
10 34 x 11 50 44 15 8 17 17 2 x 18
5 3 32 27 47 39 27 36 25 49 49 37 49 28
7 48 9 48 12 21 4 26 1 18 11 3 9 2 27
36 45 32 27 4 33 10 33 23 28 25 32 36 40 38 26
23 41 29 11 26 26 15 23 32 5 5 36 21 26 47 18 35
37 34 27 8 12 36 49 13 11 48 18 20 17 32 36 27 32 41
26 50 12 44 41 18 41 48 13 49 28 6 11 17 41 49 21 37 48
25 42 20 36 13 21 39 48 44 6 46 22 41 16 44 31 40 20 18 21
14 7 23 5 9 20 2 8 25 22 30 28 12 46 3 37 39 41 46 22 29
25 39 22 38 39 41 34 22 46 26 45 38 42 8 27 38 8 31 7 45 29 10
12 11 2 43 16 20 33 39 32 4 39 39 1 24 45 27 30 29 17 18 42 43 27
23 27 9 10 23 18 31 50 30 42 29 45 26 17 23 22 45 26 14 28 1 32 32 32
24 38 45 4 36 45 46 29 33 10 44 27 35 39 17 23 41 27 36 24 27 38 29 38 12
44 33 35 20 27 41 41 50 45 26 21 15 18 13 48 49 12 19 36 3 47 38 47 22 46 40
29 26 32 33 22 4 44 43 49 x 13 8 23 47 46 19 11 17 35 44 16 43 7 20 32 33 36
43 21 28 34 13 42 45 45 26 16 5 9 50 14 42 16 44 5 33 46 46 12 23 17 10 44 28 35
6 39 37 37 15 14 37 29 20 50 50 22 33 25 37 10 4 1 13 13 45 48 31 40 15 7 39 29 4
10 43 40 2 44 27 14 x 23 4 11 47 32 32 6 46 49 1 43 42 6 44 40 50 34 43 32 41 6 x
10 17 22 11 31 37 23 1 14 5 50 38 45 44 15 48 10 33 45 1 3 14 7 40 13 17 42 36 4 20 48
22 8 25 44 38 25 23 10 9 38 5 13 18 5 50 47 42 x 20 10 23 30 10 16 4 4 44 25 39 27 17 29
31 34 35 25 45 43 36 38 47 20 46 10 12 11 36 29 16 12 39 11 49 26 44 22 15 16 x 31 5 28 33 40 5
19 38 50 3 29 8 35 40 13 47 44 9 45 12 12 6 25 22 16 17 35 38 45 47 35 34 48 11 27 22 44 44 17 6
36 29 9 35 40 10 49 12 1 10 4 41 8 3 45 26 30 44 28 39 17 4 48 23 35 49 x 41 20 7 7 20 15 7 43
x 32 12 24 47 6 24 1 27 15 30 22 45 13 12 50 10 40 32 46 4 47 43 36 48 41 16 46 29 1 26 10 30 7 47 3
32 46 48 11 49 44 38 28 23 50 22 34 39 36 35 x 14 3 39 24 24 7 1 21 19 11 44 37 18 42 6 42 5 4 7 46 50
9 19 36 48 47 10 26 2 25 x 5 24 31 7 40 15 47 25 1 25 13 29 4 50 24 19 3 26 41 27 9 44 14 29 x 50 7 11
42 2 x 27 20 15 35 17 4 12 23 34 17 18 34 44 38 27 26 5 31 35 1 16 16 35 29 20 6 40 2 30 22 6 47 47 20 27 44
6 14 43 45 30 7 2 9 23 13 7 38 25 38 45 42 35 9 4 48 46 37 33 37 45 18 23 45 8 40 48 4 15 20 13 31 43 14 50 36
26 35 25 37 44 13 48 36 45 4 20 39 23 14 43 24 42 17 44 48 3 21 50 43 8 13 50 20 33 7 35 25 41 4 37 22 x 10 16 27 22
5 39 25 31 8 11 8 25 29 5 1 34 8 18 23 45 25 35 3 13 12 35 3 25 38 42 31 41 47 23 39 33 6 40 43 2 1 17 4 21 45 32
8 20 47 31 27 19 18 34 11 43 42 10 24 x 13 25 33 20 36 27 48 12 35 14 13 23 50 40 46 14 40 26 25 17 40 39 32 31 34 1 29 50 22
31 19 21 17 3 22 4 5 4 37 33 45 8 35 15 21 28 13 33 44 46 3 29 23 47 28 47 24 19 8 38 14 3 6 46 40 29 x 3 x 7 40 21 38
35 12 4 5 20 5 26 37 42 18 39 28 26 50 17 41 15 21 41 16 32 11 8 3 38 1 19 3 11 12 34 33 11 39 29 25 24 48 20 47 17 32 x 1 30
47 19 22 3 31 26 19 20 8 19 3 38 49 12 47 6 24 44 16 25 x 24 39 9 26 5 32 7 47 3 1 43 14 47 12 6 3 8 5 31 31 15 7 23 19 48
40 30 18 18 43 15 12 x 4 50 12 11 26 38 28 34 10 17 1 8 15 28 20 8 16 x 32 26 40 23 20 43 25 18 37 32 30 5 27 11 47 49 33 23 25 35 47
46 5 43 45 1 21 6 25 44 22 19 10 35 39 39 3 24 20 23 36 39 3 11 22 49 43 7 8 29 44 29 10 30 23 23 40 45 13 27 8 10 24 44 34 x 19 45 14
30 39 5 45 4 5 13 5 33 30 50 44 13 5 5 26 32 21 49 25 13 30 9 3 3 43 40 16 36 15 8 19 22 35 50 31 49 43 46 29 45 23 12 7 18 43 4 x 45
23 30 50 38 7 10 27 38 46 9 6 8 31 46 44 48 37 33 45 23 16 29 21 11 9 1 37 x 32 49 32 9 16 31 37 3 12 26 40 34 17 27 24 47 6 29 40 46 32 46
36 41 33 1 46 4 5 17 17 37 50 27 3 49 25 44 47 48 26 18 14 35 8 8 34 12 39 36 3 14 36 33 29 23 23 7 50 50 10 38 38 36 41 6 29 40 45 48 25 40 45
8 1 30 7 32 48 11 49 26 18 5 28 21 14 43 29 6 37 26 14 39 7 36 23 17 x 24 10 38 14 1 40 2 30 2 33 30 2 27 17 40 3 38 34 26 46 5 14 19 44 11 24
15 28 19 26 29 4 31 38 2 30 23 10 6 36 9 4 24 44 x 49 15 13 35 8 33 39 13 x 31 16 6 22 21 1 28 40 21 46 17 35 20 48 20 2 34 34 44 20 27 45 37 29 31
14 40 48 2 35 7 19 6 29 15 8 25 x 40 13 41 30 26 30 19 30 32 50 32 24 20 36 10 25 14 44 44 27 32 34 16 16 17 17 48 37 30 36 44 36 4 41 44 39 7 10 18 6 23
19 46 28 8 42 36 8 50 10 44 32 43 4 46 11 24 9 x 2 15 31 34 49 19 4 30 7 21 49 37 20 18 x 9 31 6 34 48 x 31 36 x 47 14 3 15 4 15 45 14 12 5 13 25 45
42 27 41 17 34 12 22 31 24 49 47 47 x 3 23 39 35 25 33 9 18 45 9 26 4 11 7 10 12 25 13 28 6 x 13 43 2 10 4 39 35 1 10 11 33 49 7 50 49 27 3 11 2 1 26 44
19 16 43 30 5 25 4 27 21 36 45 34 11 44 2 13 48 20 14 17 41 37 12 10 35 2 20 12 2 47 12 37 50 18 22 29 33 32 1 43 5 49 35 49 25 12 50 6 27 50 32 16 32 4 10 28 46
3 50 28 19 44 44 45 49 17 3 50 18 47 45 25 28 49 46 12 3 15 45 32 21 33 3 31 11 38 9 13 46 29 49 31 48 40 45 5 8 38 23 9 3 36 1 38 5 28 39 34 23 29 49 25 42 47 x
3 45 13 6 28 29 5 47 37 1 5 44 9 1 28 34 32 x 27 40 29 50 9 9 4 4 2 33 39 18 9 26 42 34 6 4 37 18 24 10 49 28 3 11 39 37 46 20 6 32 32 35 43 26 18 26 14 49 9
28 47 28 34 34 21 22 31 36 27 34 5 46 50 10 5 21 14 45 9 14 50 15 17 21 49 19 16 9 43 29 10 31 10 18 37 4 35 33 49 33 1 21 7 12 34 40 6 34 1 1 10 33 2 46 1 35 38 36 47
25 44 36 36 33 39 29 47 38 20 23 46 x 20 21 27 15 45 5 21 19 39 40 2 16 30 12 41 17 37 12 42 8 30 2 9 19 19 7 39 27 36 14 28 19 50 39 41 10 13 42 29 29 41 3 29 36 30 31 x 18
23 49 31 19 32 7 36 26 6 6 25 39 33 20 2 19 29 6 27 14 17 1 30 37 45 37 47 39 21 1 47 49 24 2 19 50 49 46 43 5 44 48 27 36 5 22 13 31 x 13 39 27 7 3 44 14 7 4 3 47 30 22
36 9 8 13 46 41 36 3 36 36 49 32 x 9 19 26 14 6 3 1 2 30 29 43 36 4 33 38 38 14 39 18 27 18 9 33 41 46 50 40 3 48 17 41 2 x 36 41 32 30 17 29 39 15 9 28 46 44 50 44 13 22 45
3 35 25 27 45 38 11 22 48 16 23 4 37 40 x 29 16 9 16 14 22 30 50 17 2 6 23 39 18 2 4 13 x 28 26 34 37 6 18 45 28 22 26 11 1 23 21 19 29 46 23 24 48 26 29 43 50 33 1 x 1 7 33 28
36 22 37 33 8 42 10 5 40 38 33 8 4 43 28 10 34 46 23 40 17 28 9 18 3 27 26 41 18 41 25 24 33 10 38 13 34 3 39 41 13 40 21 13 36 45 41 25 6 12 20 19 38 35 31 10 6 39 x 46 22 32 29 27 29
15 3 x 3 3 27 31 19 28 42 42 9 x 22 37 9 11 x 3 13 18 6 47 46 26 11 19 32 33 47 2 41 26 6 28 4 42 8 39 30 2 48 34 38 4 4 13 22 9 22 39 25 23 41 5 40 2 44 17 49 15 28 15 38 3 40
33 46 10 44 1 33 40 12 36 38 47 10 19 3 41 46 23 7 43 25 36 15 15 41 48 21 18 31 22 6 43 35 19 21 33 1 48 2 29 20 42 42 x 15 23 10 1 44 14 45 x 4 11 42 9 43 20 45 5 23 29 37 46 10 20 21 44
39 29 5 34 37 33 42 30 10 28 17 28 43 38 17 17 39 39 21 16 38 46 30 6 12 2 39 37 48 1 44 12 49 11 44 35 28 28 12 44 42 33 15 38 16 28 32 10 8 21 33 2 32 8 5 26 16 17 49 27 24 21 16 2 34 40 10 17
12 30 1 18 32 24 41 41 9 45 31 48 6 32 34 24 10 34 18 4 45 21 32 31 33 34 27 23 2 7 23 40 45 8 42 36 18 10 28 49 x 31 25 47 20 37 10 14 9 3 39 41 34 42 29 9 26 30 45 36 25 8 36 20 41 26 17 27 25
32 26 13 28 11 19 41 2 45 15 50 29 29 8 26 19 50 16 16 50 6 5 46 22 48 41 2 14 22 44 20 4 16 28 46 11 14 11 31 18 24 18 19 11 15 48 17 33 49 43 4 13 28 41 15 19 35 46 46 40 28 49 29 2 25 20 33 37 14 42
26 4 9 39 18 32 43 47 26 18 28 x 10 10 11 18 17 10 47 18 20 x 4 37 43 6 2 49 8 12 34 28 40 12 46 18 29 40 40 16 9 47 40 23 17 23 2 6 20 3 44 45 47 16 16 41 1 36 16 44 10 19 13 20 13 26 42 35 10 44 19
6 50 29 20 31 2 22 31 10 7 35 17 7 41 48 27 34 16 14 25 16 34 11 48 10 24 45 10 x 8 32 14 8 21 9 2 32 4 11 6 21 23 8 16 43 16 48 10 50 14 15 45 29 4 13 49 42 33 32 29 36 16 39 18 16 36 22 32 3 47 25 42
38 37 40 34 11 12 41 47 8 15 4 47 37 17 20 35 3 47 46 22 9 34 41 3 x 34 6 40 34 25 23 4 19 7 41 44 22 25 32 24 49 11 28 10 44 18 25 23 16 34 50 6 6 39 32 24 1 49 36 33 22 4 8 42 28 46 8 20 31 50 20 1 22
39 4 49 24 48 22 44 14 16 20 21 26 17 26 28 9 41 9 15 48 22 19 28 12 4 27 4 23 x 20 17 4 48 29 36 3 41 27 32 27 45 20 6 29 1 37 29 49 13 x 24 30 49 8 21 14 43 8 19 15 16 38 46 15 42 34 32 4 6 29 49 46 47 50
5 22 38 39 7 28 15 48 20 43 45 22 25 25 30 49 39 32 2 7 41 20 10 47 48 1 17 37 37 42 37 5 43 10 21 13 3 38 29 45 37 24 43 45 6 4 4 35 29 48 9 15 44 12 3 24 16 50 30 31 25 37 18 35 20 9 5 20 9 35 24 50 22 26 48
25 48 35 3 3 9 x 35 37 38 48 47 5 50 12 39 49 8 10 38 36 8 10 6 12 21 31 47 3 47 7 28 48 28 49 29 14 22 35 17 45 8 43 39 30 5 16 7 19 40 21 49 4 11 29 35 10 14 x 47 39 36 21 9 1 33 31 18 41 x 25 33 13 13 43 10
39 9 23 6 22 50 5 36 34 16 50 13 13 49 46 42 6 13 31 16 40 23 2 22 11 47 30 35 33 7 37 34 31 48 45 43 16 44 48 31 32 30 41 35 34 12 35 1 30 31 13 47 39 28 19 21 41 41 13 3 17 26 15 x 17 7 2 34 9 3 4 12 31 6 50 13 26
48 20 44 29 46 42 41 46 14 23 47 35 24 5 46 22 34 6 38 15 47 40 15 38 29 21 47 41 21 48 43 27 1 29 47 37 44 43 28 21 5 27 39 16 3 20 46 44 21 50 47 13 37 27 17 28 45 26 49 47 48 21 26 14 38 13 46 45 30 x 29 43 30 5 21 41 8 2
37 49 28 39 18 6 47 14 34 46 22 38 10 2 42 49 47 15 16 45 42 49 4 23 40 3 21 15 33 29 30 41 14 24 32 5 45 29 17 8 23 8 4 17 36 12 3 25 1 12 33 45 24 6 4 16 15 35 23 13 32 46 41 11 14 25 39 46 3 30 35 2 15 4 11 31 50 29 23
45 21 48 3 46 39 38 41 30 25 3 20 34 7 23 33 x 12 37 44 10 17 32 39 2 31 35 15 23 22 29 39 12 6 14 27 6 37 7 39 41 40 19 24 30 7 29 13 34 49 24 32 16 10 x 30 21 20 49 38 28 43 22 11 32 44 2 2 5 24 39 17 13 47 45 43 28 7 24 9
45 22 22 26 9 22 11 40 15 22 31 24 33 26 49 23 17 18 23 26 19 42 48 19 13 44 25 15 49 40 x 31 10 33 33 45 40 38 3 1 23 25 25 31 8 16 26 11 44 7 44 5 4 22 29 21 46 33 12 42 45 11 16 37 44 24 22 3 3 19 12 20 9 21 5 36 42 50 1 10 10
42 1 19 43 2 11 14 12 37 x 12 39 48 5 38 3 40 32 14 48 41 12 3 5 28 28 44 18 19 43 32 3 4 33 18 8 48 12 1 26 44 33 34 2 48 40 42 19 33 26 5 33 5 6 40 19 36 2 20 22 4 25 33 32 21 36 46 17 39 39 35 44 10 1 38 4 46 26 6 14 17 45
27 44 22 17 22 7 16 10 34 29 2 35 18 21 8 41 33 10 9 4 14 45 23 26 35 3 26 5 20 31 15 43 38 42 3 2 18 24 23 33 19 10 47 44 28 20 27 38 24 30 32 41 30 48 38 28 32 2 22 27 5 45 47 30 6 19 37 45 49 46 8 19 35 11 8 43 31 34 45 21 35 x 29
46 10 26 13 25 18 1 27 16 20 14 23 4 13 16 49 39 15 41 40 x x 41 46 25 16 41 39 14 39 42 17 33 42 50 8 26 8 49 9 11 18 10 47 44 35 37 23 32 25 41 23 14 x 9 42 12 38 46 11 17 33 40 6 16 49 11 7 44 12 38 31 18 5 19 16 50 45 8 26 35 42 6 11
6 5 50 46 50 10 13 8 3 11 20 27 40 37 37 36 32 25 25 48 19 13 20 22 6 15 25 49 11 14 12 47 20 50 24 x x 37 26 3 8 10 15 27 13 4 47 27 36 28 41 38 18 11 33 15 38 13 25 13 27 11 44 17 4 47 10 34 47 25 44 31 11 8 8 38 48 26 17 37 10 15 12 42 42
9 5 38 35 2 x 40 17 16 x 14 20 35 14 6 32 24 4 28 15 5 40 9 32 3 3 24 40 1 34 13 44 4 48 3 28 25 41 5 15 25 49 2 47 29 50 25 18 26 28 30 22 19 24 10 21 15 6 45 41 1 45 46 41 16 28 23 29 22 25 2 45 36 1 44 42 32 47 6 50 10 22 13 3 31 5
26 12 31 9 24 40 48 27 6 14 45 19 44 29 39 11 21 17 28 27 8 17 50 29 29 17 39 43 6 50 6 6 48 5 3 36 27 18 29 35 24 23 28 46 43 6 14 3 37 14 38 28 39 5 17 13 14 1 43 39 13 15 8 35 29 11 45 37 49 28 3 3 3 41 5 5 1 35 3 29 4 38 36 42 x 15 45
46 7 19 28 4 44 48 15 30 5 44 48 35 30 17 21 12 11 1 26 8 38 12 40 18 26 18 21 30 16 29 9 41 38 25 20 16 15 2 37 11 7 22 x 26 43 49 2 33 26 42 31 44 21 48 9 44 33 23 37 1 44 37 41 14 36 31 7 8 50 3 1 33 29 43 50 9 19 15 26 10 49 39 4 8 29 11 30
41 49 48 8 10 4 1 26 17 38 49 33 7 26 47 11 40 21 47 36 24 39 25 43 44 34 38 20 44 10 50 32 5 25 48 19 10 39 3 37 x 12 13 38 3 27 37 37 16 11 16 2 42 16 2 4 25 26 41 48 49 16 31 29 40 39 4 5 x 21 25 30 33 10 10 38 23 41 22 36 6 3 37 17 41 13 5 43 38
39 43 33 11 34 2 38 8 48 45 35 30 18 34 22 36 9 26 5 38 4 43 32 23 27 9 2 29 33 33 7 10 31 24 25 20 17 21 x 33 49 17 26 21 35 33 46 42 6 22 35 1 41 28 17 37 12 33 6 1 26 42 46 11 3 20 40 7 20 49 25 40 50 34 48 41 2 12 24 21 12 25 29 35 15 9 18 25 40 45
20 17 47 45 6 13 x 28 1 38 39 38 8 41 25 9 6 41 21 46 16 25 39 7 7 30 10 5 31 41 20 47 46 33 48 45 35 32 29 40 39 27 39 6 46 18 27 24 39 21 3 11 22 5 6 9 41 44 49 2 33 34 8 30 40 9 50 39 24 2 35 4 26 3 15 7 23 46 15 2 49 43 6 14 16 13 1 2 34 31 39
18 11 48 49 22 22 32 12 2 17 14 15 44 27 48 9 3 10 16 5 13 33 3 18 39 34 32 18 15 7 1 19 42 13 46 9 14 3 38 47 25 2 13 33 41 16 11 13 24 17 25 44 46 2 46 15 10 19 10 40 36 14 45 30 14 26 17 13 39 38 5 45 25 34 3 14 8 3 15 19 27 6 5 45 12 22 4 46 43 18 12 17
48 42 6 24 8 6 41 34 6 45 49 31 x 28 25 48 44 10 22 50 11 39 21 12 11 24 12 23 7 20 50 8 4 28 37 30 14 28 14 44 18 44 43 43 31 27 29 23 21 12 29 38 39 10 2 42 22 36 40 3 43 15 30 47 18 2 32 42 50 22 18 18 47 27 42 34 30 33 21 35 40 25 19 49 20 39 39 30 37 5 50 4 30
31 22 1 7 17 7 50 20 32 32 29 7 19 8 11 19 8 24 34 11 27 46 9 36 12 22 47 43 17 26 50 7 30 24 8 31 4 22 50 11 6 9 45 21 38 35 8 37 25 22 26 17 29 1 45 26 11 29 37 20 1 21 12 38 3 39 8 11 23 16 38 38 35 18 34 23 2 1 18 50 38 3 13 6 2 29 38 50 10 20 14 18 15 44
18 7 1 42 21 19 20 5 25 43 45 12 15 11 42 14 47 12 4 23 33 35 43 25 34 13 26 9 16 44 42 31 x 8 13 43 23 x 19 36 5 16 20 28 49 18 30 36 28 21 32 36 49 14 3 48 28 19 5 2 39 32 25 38 17 31 42 x 11 8 3 19 20 8 23 25 38 32 2 13 3 29 4 38 27 45 43 45 49 23 33 8 46 42 44
23 29 27 20 21 24 x 15 22 16 38 6 x 43 50 12 36 46 15 38 35 27 38 16 2 49 50 23 44 34 37 11 26 45 9 31 48 36 23 43 48 37 35 42 2 4 38 18 29 48 32 14 22 41 35 28 43 11 24 46 50 15 49 15 24 48 44 47 49 9 46 33 39 38 25 4 42 2 3 20 4 2 21 4 28 29 44 41 36 32 20 15 17 4 1 40
8 6 43 4 13 5 39 18 42 23 25 47 43 17 16 44 13 44 28 25 40 36 21 39 46 32 x 9 50 40 14 22 31 9 36 1 17 26 13 27 35 26 9 35 37 8 12 27 11 50 35 9 5 8 11 8 14 16 4 2 45 18 42 33 44 15 17 33 30 10 12 27 38 38 8 44 23 34 9 11 10 48 9 11 39 6 7 42 8 10 20 15 32 13 27 35 35
8 8 14 35 x 33 30 43 33 20 1 46 8 31 50 44 8 18 x 13 39 46 35 39 4 34 16 41 42 24 19 27 35 39 20 43 2 32 32 15 23 47 x 23 50 36 40 17 36 18 23 32 23 32 34 28 38 6 28 26 25 32 11 45 50 17 23 19 39 38 13 17 30 35 32 9 34 18 29 8 14 37 41 1 4 40 31 32 13 33 20 9 36 46 40 44 46 24
11 13 14 30 5 7 13 40 42 35 40 24 21 49 34 14 37 48 33 28 20 46 7 22 15 14 50 11 18 11 25 44 32 31 6 25 43 33 29 x 44 9 31 37 40 33 22 16 1 6 18 10 22 49 8 5 14 10 18 41 28 8 x 4 9 43 43 43 37 41 39 10 41 39 32 45 33 15 29 18 10 29 10 31 26 3 5 33 49 12 21 35 40 32 1 17 31 34 18